a = [1, 2, 3; 4, 5, 6; 7, 8, 9; 10, 11, 12];
b = [10, 10, 10; 10, 10, 10; 10, 10, 10; 10, 10, 10];
c = [1, 1, 1, 1; 1, 1, 1, 1; 1, 1, 1, 1];
d=a-b;
e=a+b;
f=a.*b;
g=a*c;
h=a.^2;
i=a.';